validation_tests/experimental_data/okushiri/Benchmark_2_Bathymetry.asc
ncols         393
nrows         244
xllcorner     0.0
yllcorner     0.0
cellsize      0.014
NODATA_value  -9999
[rows 210 to 230 of 244, columns 235 to 281 of 393]
-4.38675000e-02 -4.35875000e-02 -4.33175000e-02 -4.30550000e-02 -4.27975000e-02 -4.25450000e-02 -4.22975000e-02 -4.20575000e-02 -4.18200000e-02 -4.15875000e-02 -4.13625000e-02 -4.11425000e-02 -4.09275000e-02 -4.07250000e-02 -4.05300000e-02 -4.03425000e-02 -4.01600000e-02 -3.99800000e-02 -3.98100000e-02 -3.96425000e-02 -3.94825000e-02 -3.93250000e-02 -3.91725000e-02 -3.90225000e-02 -3.88725000e-02 -3.87200000e-02 -3.85675000e-02 -3.84125000e-02 -3.82550000e-02 -3.80975000e-02 -3.79375000e-02 -3.77750000e-02 -3.76050000e-02 -3.74325000e-02 -3.72550000e-02 -3.70725000e-02 -3.68875000e-02 -3.67025000e-02 -3.65225000e-02 -3.63450000e-02 -3.61700000e-02 -3.59950000e-02 -3.58200000e-02 -3.56475000e-02 -3.54775000e-02 -3.53150000e-02 -3.51600000e-02
-4.39350000e-02 -4.36525000e-02 -4.33825000e-02 -4.31200000e-02 -4.28625000e-02 -4.26100000e-02 -4.23625000e-02 -4.21225000e-02 -4.18850000e-02 -4.16550000e-02 -4.14300000e-02 -4.12075000e-02 -4.09950000e-02 -4.07925000e-02 -4.05975000e-02 -4.04100000e-02 -4.02250000e-02 -4.00475000e-02 -3.98750000e-02 -3.97075000e-02 -3.95475000e-02 -3.93925000e-02 -3.92400000e-02 -3.90900000e-02 -3.89400000e-02 -3.87875000e-02 -3.86325000e-02 -3.84725000e-02 -3.83175000e-02 -3.81600000e-02 -3.79975000e-02 -3.78350000e-02 -3.76625000e-02 -3.74875000e-02 -3.73075000e-02 -3.71250000e-02 -3.69400000e-02 -3.67550000e-02 -3.65725000e-02 -3.63925000e-02 -3.62125000e-02 -3.60375000e-02 -3.58625000e-02 -3.56900000e-02 -3.55200000e-02 -3.53575000e-02 -3.52025000e-02
-4.40050000e-02 -4.37250000e-02 -4.34525000e-02 -4.31850000e-02 -4.29275000e-02 -4.26725000e-02 -4.24275000e-02 -4.21875000e-02 -4.19525000e-02 -4.17225000e-02 -4.14975000e-02 -4.12800000e-02 -4.10675000e-02 -4.08625000e-02 -4.06675000e-02 -4.04800000e-02 -4.02950000e-02 -4.01150000e-02 -3.99425000e-02 -3.97750000e-02 -3.96125000e-02 -3.94575000e-02 -3.93050000e-02 -3.91550000e-02 -3.90050000e-02 -3.88525000e-02 -3.86975000e-02 -3.85400000e-02 -3.83800000e-02 -3.82200000e-02 -3.80575000e-02 -3.78925000e-02 -3.77200000e-02 -3.75425000e-02 -3.73625000e-02 -3.71800000e-02 -3.69975000e-02 -3.68125000e-02 -3.66250000e-02 -3.64425000e-02 -3.62600000e-02 -3.60800000e-02 -3.59050000e-02 -3.57325000e-02 -3.55650000e-02 -3.54000000e-02 -3.52450000e-02
-4.40775000e-02 -4.37975000e-02 -4.35225000e-02 -4.32525000e-02 -4.29925000e-02 -4.27400000e-02 -4.24925000e-02 -4.22525000e-02 -4.20200000e-02 -4.17950000e-02 -4.15725000e-02 -4.13525000e-02 -4.11400000e-02 -4.09375000e-02 -4.07425000e-02 -4.05525000e-02 -4.03675000e-02 -4.01850000e-02 -4.00075000e-02 -3.98400000e-02 -3.96800000e-02 -3.95250000e-02 -3.93725000e-02 -3.92225000e-02 -3.90725000e-02 -3.89200000e-02 -3.87650000e-02 -3.86050000e-02 -3.84450000e-02 -3.82825000e-02 -3.81175000e-02 -3.79500000e-02 -3.77775000e-02 -3.76025000e-02 -3.74225000e-02 -3.72400000e-02 -3.70550000e-02 -3.68700000e-02 -3.66800000e-02 -3.64925000e-02 -3.63075000e-02 -3.61250000e-02 -3.59475000e-02 -3.57750000e-02 -3.56050000e-02 -3.54425000e-02 -3.52850000e-02
-4.41500000e-02 -4.38725000e-02 -4.35950000e-02 -4.33225000e-02 -4.30625000e-02 -4.28075000e-02 -4.25625000e-02 -4.23225000e-02 -4.20925000e-02 -4.18675000e-02 -4.16500000e-02 -4.14300000e-02 -4.12150000e-02 -4.10125000e-02 -4.08150000e-02 -4.06275000e-02 -4.04425000e-02 -4.02575000e-02 -4.00775000e-02 -3.99100000e-02 -3.97500000e-02 -3.95925000e-02 -3.94400000e-02 -3.92900000e-02 -3.91400000e-02 -3.89875000e-02 -3.88325000e-02 -3.86725000e-02 -3.85100000e-02 -3.83475000e-02 -3.81800000e-02 -3.80100000e-02 -3.78375000e-02 -3.76600000e-02 -3.74800000e-02 -3.72975000e-02 -3.71125000e-02 -3.69275000e-02 -3.67350000e-02 -3.65450000e-02 -3.63575000e-02 -3.61725000e-02 -3.59900000e-02 -3.58175000e-02 -3.56500000e-02 -3.54850000e-02 -3.53250000e-02
-4.42225000e-02 -4.39450000e-02 -4.36675000e-02 -4.33975000e-02 -4.31375000e-02 -4.28825000e-02 -4.26375000e-02 -4.23975000e-02 -4.21675000e-02 -4.19450000e-02 -4.17275000e-02 -4.15075000e-02 -4.12950000e-02 -4.10900000e-02 -4.08925000e-02 -4.07025000e-02 -4.05150000e-02 -4.03325000e-02 -4.01550000e-02 -3.99850000e-02 -3.98225000e-02 -3.96650000e-02 -3.95100000e-02 -3.93575000e-02 -3.92075000e-02 -3.90550000e-02 -3.88975000e-02 -3.87375000e-02 -3.85775000e-02 -3.84125000e-02 -3.82425000e-02 -3.80725000e-02 -3.78975000e-02 -3.77200000e-02 -3.75375000e-02 -3.73525000e-02 -3.71675000e-02 -3.69775000e-02 -3.67850000e-02 -3.65950000e-02 -3.64050000e-02 -3.62200000e-02 -3.60400000e-02 -3.58650000e-02 -3.56950000e-02 -3.55275000e-02 -3.53650000e-02
-4.42975000e-02 -4.40200000e-02 -4.37450000e-02 -4.34775000e-02 -4.32175000e-02 -4.29650000e-02 -4.27175000e-02 -4.24800000e-02 -4.22500000e-02 -4.20275000e-02 -4.18075000e-02 -4.15900000e-02 -4.13775000e-02 -4.11725000e-02 -4.09725000e-02 -4.07775000e-02 -4.05900000e-02 -4.04100000e-02 -4.02325000e-02 -4.00650000e-02 -3.99000000e-02 -3.97400000e-02 -3.95825000e-02 -3.94275000e-02 -3.92750000e-02 -3.91200000e-02 -3.89650000e-02 -3.88050000e-02 -3.86425000e-02 -3.84775000e-02 -3.83100000e-02 -3.81375000e-02 -3.79600000e-02 -3.77775000e-02 -3.75950000e-02 -3.74075000e-02 -3.72200000e-02 -3.70275000e-02 -3.68375000e-02 -3.66450000e-02 -3.64550000e-02 -3.62700000e-02 -3.60900000e-02 -3.59125000e-02 -3.57400000e-02 -3.55725000e-02 -3.54075000e-02
-4.43750000e-02 -4.41000000e-02 -4.38275000e-02 -4.35625000e-02 -4.33025000e-02 -4.30500000e-02 -4.28050000e-02 -4.25650000e-02 -4.23350000e-02 -4.21125000e-02 -4.18925000e-02 -4.16750000e-02 -4.14625000e-02 -4.12550000e-02 -4.10550000e-02 -4.08575000e-02 -4.06700000e-02 -4.04900000e-02 -4.03175000e-02 -4.01450000e-02 -3.99775000e-02 -3.98150000e-02 -3.96575000e-02 -3.95000000e-02 -3.93450000e-02 -3.91875000e-02 -3.90325000e-02 -3.88725000e-02 -3.87100000e-02 -3.85425000e-02 -3.83750000e-02 -3.82000000e-02 -3.80225000e-02 -3.78375000e-02 -3.76525000e-02 -3.74625000e-02 -3.72725000e-02 -3.70800000e-02 -3.68875000e-02 -3.66975000e-02 -3.65075000e-02 -3.63225000e-02 -3.61400000e-02 -3.59600000e-02 -3.57850000e-02 -3.56125000e-02 -3.54450000e-02
-4.44575000e-02 -4.41850000e-02 -4.39175000e-02 -4.36525000e-02 -4.33950000e-02 -4.31425000e-02 -4.28950000e-02 -4.26550000e-02 -4.24250000e-02 -4.22025000e-02 -4.19825000e-02 -4.17650000e-02 -4.15500000e-02 -4.13425000e-02 -4.11400000e-02 -4.09425000e-02 -4.07525000e-02 -4.05750000e-02 -4.04000000e-02 -4.02275000e-02 -4.00575000e-02 -3.98925000e-02 -3.97325000e-02 -3.95725000e-02 -3.94150000e-02 -3.92575000e-02 -3.91000000e-02 -3.89400000e-02 -3.87750000e-02 -3.86100000e-02 -3.84400000e-02 -3.82650000e-02 -3.80825000e-02 -3.78975000e-02 -3.77100000e-02 -3.75175000e-02 -3.73250000e-02 -3.71325000e-02 -3.69400000e-02 -3.67500000e-02 -3.65600000e-02 -3.63750000e-02 -3.61900000e-02 -3.60075000e-02 -3.58300000e-02 -3.56525000e-02 -3.54825000e-02
-4.45475000e-02 -4.42775000e-02 -4.40125000e-02 -4.37525000e-02 -4.34950000e-02 -4.32425000e-02 -4.29950000e-02 -4.27525000e-02 -4.25200000e-02 -4.22950000e-02 -4.20725000e-02 -4.18550000e-02 -4.16400000e-02 -4.14325000e-02 -4.12300000e-02 -4.10325000e-02 -4.08425000e-02 -4.06625000e-02 -4.04850000e-02 -4.03100000e-02 -4.01375000e-02 -3.99700000e-02 -3.98050000e-02 -3.96450000e-02 -3.94900000e-02 -3.93300000e-02 -3.91700000e-02 -3.90075000e-02 -3.88425000e-02 -3.86725000e-02 -3.85000000e-02 -3.83225000e-02 -3.81425000e-02 -3.79550000e-02 -3.77675000e-02 -3.75750000e-02 -3.73825000e-02 -3.71900000e-02 -3.69975000e-02 -3.68075000e-02 -3.66175000e-02 -3.64300000e-02 -3.62425000e-02 -3.60550000e-02 -3.58700000e-02 -3.56900000e-02 -3.55150000e-02
-4.46350000e-02 -4.43725000e-02 -4.41100000e-02 -4.38525000e-02 -4.35950000e-02 -4.33425000e-02 -4.30950000e-02 -4.28550000e-02 -4.26200000e-02 -4.23900000e-02 -4.21650000e-02 -4.19475000e-02 -4.17325000e-02 -4.15250000e-02 -4.13200000e-02 -4.11250000e-02 -4.09350000e-02 -4.07500000e-02 -4.05700000e-02 -4.03925000e-02 -4.02200000e-02 -4.00475000e-02 -3.98800000e-02 -3.97225000e-02 -3.95650000e-02 -3.94050000e-02 -3.92425000e-02 -3.90750000e-02 -3.89075000e-02 -3.87375000e-02 -3.85625000e-02 -3.83800000e-02 -3.82000000e-02 -3.80150000e-02 -3.78250000e-02 -3.76350000e-02 -3.74425000e-02 -3.72500000e-02 -3.70575000e-02 -3.68650000e-02 -3.66750000e-02 -3.64850000e-02 -3.62950000e-02 -3.61025000e-02 -3.59125000e-02 -3.57250000e-02 -3.55475000e-02
-4.47225000e-02 -4.44600000e-02 -4.42000000e-02 -4.39450000e-02 -4.36925000e-02 -4.34425000e-02 -4.31975000e-02 -4.29550000e-02 -4.27200000e-02 -4.24900000e-02 -4.22625000e-02 -4.20425000e-02 -4.18250000e-02 -4.16175000e-02 -4.14150000e-02 -4.12175000e-02 -4.10250000e-02 -4.08400000e-02 -4.06550000e-02 -4.04775000e-02 -4.03025000e-02 -4.01300000e-02 -3.99625000e-02 -3.98000000e-02 -3.96400000e-02 -3.94800000e-02 -3.93125000e-02 -3.91450000e-02 -3.89750000e-02 -3.88025000e-02 -3.86250000e-02 -3.84450000e-02 -3.82625000e-02 -3.80750000e-02 -3.78850000e-02 -3.76925000e-02 -3.75000000e-02 -3.73075000e-02 -3.71175000e-02 -3.69250000e-02 -3.67325000e-02 -3.65400000e-02 -3.63475000e-02 -3.61525000e-02 -3.59575000e-02 -3.57675000e-02 -3.55850000e-02
-4.48075000e-02 -4.45450000e-02 -4.42900000e-02 -4.40375000e-02 -4.37875000e-02 -4.35400000e-02 -4.32975000e-02 -4.30575000e-02 -4.28225000e-02 -4.25900000e-02 -4.23625000e-02 -4.21375000e-02 -4.19200000e-02 -4.17100000e-02 -4.15050000e-02 -4.13100000e-02 -4.11175000e-02 -4.09275000e-02 -4.07425000e-02 -4.05600000e-02 -4.03850000e-02 -4.02125000e-02 -4.00450000e-02 -3.98800000e-02 -3.97175000e-02 -3.95525000e-02 -3.93850000e-02 -3.92125000e-02 -3.90400000e-02 -3.88675000e-02 -3.86900000e-02 -3.85100000e-02 -3.83250000e-02 -3.81350000e-02 -3.79425000e-02 -3.77500000e-02 -3.75600000e-02 -3.73675000e-02 -3.71750000e-02 -3.69850000e-02 -3.67900000e-02 -3.65950000e-02 -3.63975000e-02 -3.62000000e-02 -3.60050000e-02 -3.58100000e-02 -3.56200000e-02
-4.48900000e-02 -4.46300000e-02 -4.43775000e-02 -4.41275000e-02 -4.38825000e-02 -4.36375000e-02 -4.33950000e-02 -4.31575000e-02 -4.29225000e-02 -4.26900000e-02 -4.24600000e-02 -4.22325000e-02 -4.20125000e-02 -4.18025000e-02 -4.15975000e-02 -4.14000000e-02 -4.12075000e-02 -4.10150000e-02 -4.08275000e-02 -4.06450000e-02 -4.04675000e-02 -4.02950000e-02 -4.01250000e-02 -3.99600000e-02 -3.97950000e-02 -3.96275000e-02 -3.94550000e-02 -3.92800000e-02 -3.91075000e-02 -3.89325000e-02 -3.87550000e-02 -3.85750000e-02 -3.83850000e-02 -3.81950000e-02 -3.80000000e-02 -3.78100000e-02 -3.76175000e-02 -3.74250000e-02 -3.72325000e-02 -3.70400000e-02 -3.68475000e-02 -3.66500000e-02 -3.64500000e-02 -3.62500000e-02 -3.60525000e-02 -3.58525000e-02 -3.56575000e-02
-4.49725000e-02 -4.47175000e-02 -4.44675000e-02 -4.42200000e-02 -4.39750000e-02 -4.37325000e-02 -4.34900000e-02 -4.32525000e-02 -4.30175000e-02 -4.27850000e-02 -4.25550000e-02 -4.23275000e-02 -4.21075000e-02 -4.18950000e-02 -4.16875000e-02 -4.14900000e-02 -4.12925000e-02 -4.11025000e-02 -4.09125000e-02 -4.07300000e-02 -4.05500000e-02 -4.03750000e-02 -4.02050000e-02 -4.00350000e-02 -3.98675000e-02 -3.96975000e-02 -3.95250000e-02 -3.93500000e-02 -3.91725000e-02 -3.89975000e-02 -3.88175000e-02 -3.86350000e-02 -3.84450000e-02 -3.82525000e-02 -3.80600000e-02 -3.78675000e-02 -3.76750000e-02 -3.74825000e-02 -3.72900000e-02 -3.70950000e-02 -3.69000000e-02 -3.67000000e-02 -3.65000000e-02 -3.63000000e-02 -3.60975000e-02 -3.58950000e-02 -3.56950000e-02
-4.50550000e-02 -4.48050000e-02 -4.45575000e-02 -4.43125000e-02 -4.40675000e-02 -4.38250000e-02 -4.35850000e-02 -4.33475000e-02 -4.31100000e-02 -4.28775000e-02 -4.26475000e-02 -4.24225000e-02 -4.22000000e-02 -4.19850000e-02 -4.17775000e-02 -4.15750000e-02 -4.13775000e-02 -4.11850000e-02 -4.09975000e-02 -4.08125000e-02 -4.06300000e-02 -4.04525000e-02 -4.02800000e-02 -4.01075000e-02 -3.99375000e-02 -3.97650000e-02 -3.95925000e-02 -3.94175000e-02 -3.92400000e-02 -3.90600000e-02 -3.88775000e-02 -3.86925000e-02 -3.85025000e-02 -3.83100000e-02 -3.81175000e-02 -3.79250000e-02 -3.77325000e-02 -3.75400000e-02 -3.73450000e-02 -3.71475000e-02 -3.69500000e-02 -3.67500000e-02 -3.65500000e-02 -3.63475000e-02 -3.61450000e-02 -3.59400000e-02 -3.57325000e-02
-4.51350000e-02 -4.48875000e-02 -4.46425000e-02 -4.44025000e-02 -4.41575000e-02 -4.39150000e-02 -4.36750000e-02 -4.34375000e-02 -4.32025000e-02 -4.29700000e-02 -4.27400000e-02 -4.25125000e-02 -4.22900000e-02 -4.20750000e-02 -4.18650000e-02 -4.16600000e-02 -4.14600000e-02 -4.12675000e-02 -4.10775000e-02 -4.08900000e-02 -4.07075000e-02 -4.05275000e-02 -4.03525000e-02 -4.01775000e-02 -4.00050000e-02 -3.98300000e-02 -3.96575000e-02 -3.94825000e-02 -3.93025000e-02 -3.91225000e-02 -3.89375000e-02 -3.87525000e-02 -3.85625000e-02 -3.83700000e-02 -3.81750000e-02 -3.79850000e-02 -3.77925000e-02 -3.75975000e-02 -3.74000000e-02 -3.72025000e-02 -3.70000000e-02 -3.68000000e-02 -3.66000000e-02 -3.63975000e-02 -3.61925000e-02 -3.59825000e-02 -3.57725000e-02
-4.52150000e-02 -4.49700000e-02 -4.47250000e-02 -4.44850000e-02 -4.42425000e-02 -4.40025000e-02 -4.37650000e-02 -4.35275000e-02 -4.32925000e-02 -4.30600000e-02 -4.28300000e-02 -4.26025000e-02 -4.23800000e-02 -4.21625000e-02 -4.19500000e-02 -4.17425000e-02 -4.15400000e-02 -4.13450000e-02 -4.11525000e-02 -4.09650000e-02 -4.07800000e-02 -4.06000000e-02 -4.04200000e-02 -4.02450000e-02 -4.00675000e-02 -3.98950000e-02 -3.97200000e-02 -3.95425000e-02 -3.93650000e-02 -3.91825000e-02 -3.89975000e-02 -3.88100000e-02 -3.86200000e-02 -3.84275000e-02 -3.82350000e-02 -3.80425000e-02 -3.78500000e-02 -3.76550000e-02 -3.74575000e-02 -3.72575000e-02 -3.70575000e-02 -3.68550000e-02 -3.66525000e-02 -3.64475000e-02 -3.62375000e-02 -3.60275000e-02 -3.58125000e-02
-4.52150000e-02 -4.49700000e-02 -4.47250000e-02 -4.44850000e-02 -4.42425000e-02 -4.40025000e-02 -4.37650000e-02 -4.35275000e-02 -4.32925000e-02 -4.30600000e-02 -4.28300000e-02 -4.26025000e-02 -4.23800000e-02 -4.21625000e-02 -4.19500000e-02 -4.17425000e-02 -4.15400000e-02 -4.13450000e-02 -4.11525000e-02 -4.09650000e-02 -4.07800000e-02 -4.06000000e-02 -4.04200000e-02 -4.02450000e-02 -4.00675000e-02 -3.98950000e-02 -3.97200000e-02 -3.95425000e-02 -3.93650000e-02 -3.91825000e-02 -3.89975000e-02 -3.88100000e-02 -3.86200000e-02 -3.84275000e-02 -3.82350000e-02 -3.80425000e-02 -3.78500000e-02 -3.76550000e-02 -3.74575000e-02 -3.72575000e-02 -3.70575000e-02 -3.68550000e-02 -3.66525000e-02 -3.64475000e-02 -3.62375000e-02 -3.60275000e-02 -3.58125000e-02
-4.52150000e-02 -4.49700000e-02 -4.47250000e-02 -4.44850000e-02 -4.42425000e-02 -4.40025000e-02 -4.37650000e-02 -4.35275000e-02 -4.32925000e-02 -4.30600000e-02 -4.28300000e-02 -4.26025000e-02 -4.23800000e-02 -4.21625000e-02 -4.19500000e-02 -4.17425000e-02 -4.15400000e-02 -4.13450000e-02 -4.11525000e-02 -4.09650000e-02 -4.07800000e-02 -4.06000000e-02 -4.04200000e-02 -4.02450000e-02 -4.00675000e-02 -3.98950000e-02 -3.97200000e-02 -3.95425000e-02 -3.93650000e-02 -3.91825000e-02 -3.89975000e-02 -3.88100000e-02 -3.86200000e-02 -3.84275000e-02 -3.82350000e-02 -3.80425000e-02 -3.78500000e-02 -3.76550000e-02 -3.74575000e-02 -3.72575000e-02 -3.70575000e-02 -3.68550000e-02 -3.66525000e-02 -3.64475000e-02 -3.62375000e-02 -3.60275000e-02 -3.58125000e-02
-4.52150000e-02 -4.49700000e-02 -4.47250000e-02 -4.44850000e-02 -4.42425000e-02 -4.40025000e-02 -4.37650000e-02 -4.35275000e-02 -4.32925000e-02 -4.30600000e-02 -4.28300000e-02 -4.26025000e-02 -4.23800000e-02 -4.21625000e-02 -4.19500000e-02 -4.17425000e-02 -4.15400000e-02 -4.13450000e-02 -4.11525000e-02 -4.09650000e-02 -4.07800000e-02 -4.06000000e-02 -4.04200000e-02 -4.02450000e-02 -4.00675000e-02 -3.98950000e-02 -3.97200000e-02 -3.95425000e-02 -3.93650000e-02 -3.91825000e-02 -3.89975000e-02 -3.88100000e-02 -3.86200000e-02 -3.84275000e-02 -3.82350000e-02 -3.80425000e-02 -3.78500000e-02 -3.76550000e-02 -3.74575000e-02 -3.72575000e-02 -3.70575000e-02 -3.68550000e-02 -3.66525000e-02 -3.64475000e-02 -3.62375000e-02 -3.60275000e-02 -3.58125000e-02
