validation_tests/experimental_data/okushiri/Benchmark_2_Bathymetry.asc
ncols         393
nrows         244
xllcorner     0.0
yllcorner     0.0
cellsize      0.014
NODATA_value  -9999
[rows 189 to 209 of 244, columns 47 to 93 of 393]
-1.12350000e-01 -1.11950000e-01 -1.11550000e-01 -1.11150000e-01 -1.10750000e-01 -1.10350000e-01 -1.09950000e-01 -1.09550000e-01 -1.09150000e-01 -1.08750000e-01 -1.08350000e-01 -1.07950000e-01 -1.07550000e-01 -1.07150000e-01 -1.06750000e-01 -1.06350000e-01 -1.05950000e-01 -1.05550000e-01 -1.05150000e-01 -1.04750000e-01 -1.04350000e-01 -1.03950000e-01 -1.03550000e-01 -1.03150000e-01 -1.02750000e-01 -1.02350000e-01 -1.01950000e-01 -1.01550000e-01 -1.01150000e-01 -1.00750000e-01 -1.00350000e-01 -9.99500000e-02 -9.95500000e-02 -9.91500000e-02 -9.87500000e-02 -9.83500000e-02 -9.79500000e-02 -9.75500000e-02 -9.71500000e-02 -9.67500000e-02 -9.63500000e-02 -9.59500000e-02 -9.55500000e-02 -9.51500000e-02 -9.47500000e-02 -9.43500000e-02 -9.39500000e-02
-1.12350000e-01 -1.11950000e-01 -1.11550000e-01 -1.11150000e-01 -1.10750000e-01 -1.10350000e-01 -1.09950000e-01 -1.09550000e-01 -1.09150000e-01 -1.08750000e-01 -1.08350000e-01 -1.07950000e-01 -1.07550000e-01 -1.07150000e-01 -1.06750000e-01 -1.06350000e-01 -1.05950000e-01 -1.05550000e-01 -1.05150000e-01 -1.04750000e-01 -1.04350000e-01 -1.03950000e-01 -1.03550000e-01 -1.03150000e-01 -1.02750000e-01 -1.02350000e-01 -1.01950000e-01 -1.01550000e-01 -1.01150000e-01 -1.00750000e-01 -1.00350000e-01 -9.99500000e-02 -9.95500000e-02 -9.91500000e-02 -9.87500000e-02 -9.83500000e-02 -9.79500000e-02 -9.75500000e-02 -9.71500000e-02 -9.67500000e-02 -9.63500000e-02 -9.59500000e-02 -9.55500000e-02 -9.51500000e-02 -9.47500000e-02 -9.43500000e-02 -9.39500000e-02
-1.12350000e-01 -1.11950000e-01 -1.11550000e-01 -1.11150000e-01 -1.10750000e-01 -1.10350000e-01 -1.09950000e-01 -1.09550000e-01 -1.09150000e-01 -1.08750000e-01 -1.08350000e-01 -1.07950000e-01 -1.07550000e-01 -1.07150000e-01 -1.06750000e-01 -1.06350000e-01 -1.05950000e-01 -1.05550000e-01 -1.05150000e-01 -1.04750000e-01 -1.04350000e-01 -1.03950000e-01 -1.03550000e-01 -1.03150000e-01 -1.02750000e-01 -1.02350000e-01 -1.01950000e-01 -1.01550000e-01 -1.01150000e-01 -1.00750000e-01 -1.00350000e-01 -9.99500000e-02 -9.95500000e-02 -9.91500000e-02 -9.87500000e-02 -9.83500000e-02 -9.79500000e-02 -9.75500000e-02 -9.71500000e-02 -9.67500000e-02 -9.63500000e-02 -9.59500000e-02 -9.55500000e-02 -9.51500000e-02 -9.47500000e-02 -9.43500000e-02 -9.39500000e-02
-1.12350000e-01 -1.11950000e-01 -1.11550000e-01 -1.11150000e-01 -1.10750000e-01 -1.10350000e-01 -1.09950000e-01 -1.09550000e-01 -1.09150000e-01 -1.08750000e-01 -1.08350000e-01 -1.07950000e-01 -1.07550000e-01 -1.07150000e-01 -1.06750000e-01 -1.06350000e-01 -1.05950000e-01 -1.05550000e-01 -1.05150000e-01 -1.04750000e-01 -1.04350000e-01 -1.03950000e-01 -1.03550000e-01 -1.03150000e-01 -1.02750000e-01 -1.02350000e-01 -1.01950000e-01 -1.01550000e-01 -1.01150000e-01 -1.00750000e-01 -1.00350000e-01 -9.99500000e-02 -9.95500000e-02 -9.91500000e-02 -9.87500000e-02 -9.83500000e-02 -9.79500000e-02 -9.75500000e-02 -9.71500000e-02 -9.67500000e-02 -9.63500000e-02 -9.59500000e-02 -9.55500000e-02 -9.51500000e-02 -9.47500000e-02 -9.43500000e-02 -9.39500000e-02
-1.12350000e-01 -1.11950000e-01 -1.11550000e-01 -1.11150000e-01 -1.10750000e-01 -1.10350000e-01 -1.09950000e-01 -1.09550000e-01 -1.09150000e-01 -1.08750000e-01 -1.08350000e-01 -1.07950000e-01 -1.07550000e-01 -1.07150000e-01 -1.06750000e-01 -1.06350000e-01 -1.05950000e-01 -1.05550000e-01 -1.05150000e-01 -1.04750000e-01 -1.04350000e-01 -1.03950000e-01 -1.03550000e-01 -1.03150000e-01 -1.02750000e-01 -1.02350000e-01 -1.01950000e-01 -1.01550000e-01 -1.01150000e-01 -1.00750000e-01 -1.00350000e-01 -9.99500000e-02 -9.95500000e-02 -9.91500000e-02 -9.87500000e-02 -9.83500000e-02 -9.79500000e-02 -9.75500000e-02 -9.71500000e-02 -9.67500000e-02 -9.63500000e-02 -9.59500000e-02 -9.55500000e-02 -9.51500000e-02 -9.47500000e-02 -9.43500000e-02 -9.39500000e-02
-1.12350000e-01 -1.11950000e-01 -1.11550000e-01 -1.11150000e-01 -1.10750000e-01 -1.10350000e-01 -1.09950000e-01 -1.09550000e-01 -1.09150000e-01 -1.08750000e-01 -1.08350000e-01 -1.07950000e-01 -1.07550000e-01 -1.07150000e-01 -1.06750000e-01 -1.06350000e-01 -1.05950000e-01 -1.05550000e-01 -1.05150000e-01 -1.04750000e-01 -1.04350000e-01 -1.03950000e-01 -1.03550000e-01 -1.03150000e-01 -1.02750000e-01 -1.02350000e-01 -1.01950000e-01 -1.01550000e-01 -1.01150000e-01 -1.00750000e-01 -1.00350000e-01 -9.99500000e-02 -9.95500000e-02 -9.91500000e-02 -9.87500000e-02 -9.83500000e-02 -9.79500000e-02 -9.75500000e-02 -9.71500000e-02 -9.67500000e-02 -9.63500000e-02 -9.59500000e-02 -9.55500000e-02 -9.51500000e-02 -9.47500000e-02 -9.43500000e-02 -9.39500000e-02
-1.12350000e-01 -1.11950000e-01 -1.11550000e-01 -1.11150000e-01 -1.10750000e-01 -1.10350000e-01 -1.09950000e-01 -1.09550000e-01 -1.09150000e-01 -1.08750000e-01 -1.08350000e-01 -1.07950000e-01 -1.07550000e-01 -1.07150000e-01 -1.06750000e-01 -1.06350000e-01 -1.05950000e-01 -1.05550000e-01 -1.05150000e-01 -1.04750000e-01 -1.04350000e-01 -1.03950000e-01 -1.03550000e-01 -1.03150000e-01 -1.02750000e-01 -1.02350000e-01 -1.01950000e-01 -1.01550000e-01 -1.01150000e-01 -1.00750000e-01 -1.00350000e-01 -9.99500000e-02 -9.95500000e-02 -9.91500000e-02 -9.87500000e-02 -9.83500000e-02 -9.79500000e-02 -9.75500000e-02 -9.71500000e-02 -9.67500000e-02 -9.63500000e-02 -9.59500000e-02 -9.55500000e-02 -9.51500000e-02 -9.47500000e-02 -9.43500000e-02 -9.39500000e-02
-1.12350000e-01 -1.11950000e-01 -1.11550000e-01 -1.11150000e-01 -1.10750000e-01 -1.10350000e-01 -1.09950000e-01 -1.09550000e-01 -1.09150000e-01 -1.08750000e-01 -1.08350000e-01 -1.07950000e-01 -1.07550000e-01 -1.07150000e-01 -1.06750000e-01 -1.06350000e-01 -1.05950000e-01 -1.05550000e-01 -1.05150000e-01 -1.04750000e-01 -1.04350000e-01 -1.03950000e-01 -1.03550000e-01 -1.03150000e-01 -1.02750000e-01 -1.02350000e-01 -1.01950000e-01 -1.01550000e-01 -1.01150000e-01 -1.00750000e-01 -1.00350000e-01 -9.99500000e-02 -9.95500000e-02 -9.91500000e-02 -9.87500000e-02 -9.83500000e-02 -9.79500000e-02 -9.75500000e-02 -9.71500000e-02 -9.67500000e-02 -9.63500000e-02 -9.59500000e-02 -9.55500000e-02 -9.51500000e-02 -9.47500000e-02 -9.43500000e-02 -9.39500000e-02
-1.12350000e-01 -1.11950000e-01 -1.11550000e-01 -1.11150000e-01 -1.10750000e-01 -1.10350000e-01 -1.09950000e-01 -1.09550000e-01 -1.09150000e-01 -1.08750000e-01 -1.08350000e-01 -1.07950000e-01 -1.07550000e-01 -1.07150000e-01 -1.06750000e-01 -1.06350000e-01 -1.05950000e-01 -1.05550000e-01 -1.05150000e-01 -1.04750000e-01 -1.04350000e-01 -1.03950000e-01 -1.03550000e-01 -1.03150000e-01 -1.02750000e-01 -1.02350000e-01 -1.01950000e-01 -1.01550000e-01 -1.01150000e-01 -1.00750000e-01 -1.00350000e-01 -9.99500000e-02 -9.95500000e-02 -9.91500000e-02 -9.87500000e-02 -9.83500000e-02 -9.79500000e-02 -9.75500000e-02 -9.71500000e-02 -9.67500000e-02 -9.63500000e-02 -9.59500000e-02 -9.55500000e-02 -9.51500000e-02 -9.47500000e-02 -9.43500000e-02 -9.39500000e-02
-1.12350000e-01 -1.11950000e-01 -1.11550000e-01 -1.11150000e-01 -1.10750000e-01 -1.10350000e-01 -1.09950000e-01 -1.09550000e-01 -1.09150000e-01 -1.08750000e-01 -1.08350000e-01 -1.07950000e-01 -1.07550000e-01 -1.07150000e-01 -1.06750000e-01 -1.06350000e-01 -1.05950000e-01 -1.05550000e-01 -1.05150000e-01 -1.04750000e-01 -1.04350000e-01 -1.03950000e-01 -1.03550000e-01 -1.03150000e-01 -1.02750000e-01 -1.02350000e-01 -1.01950000e-01 -1.01550000e-01 -1.01150000e-01 -1.00750000e-01 -1.00350000e-01 -9.99500000e-02 -9.95500000e-02 -9.91500000e-02 -9.87500000e-02 -9.83500000e-02 -9.79500000e-02 -9.75500000e-02 -9.71500000e-02 -9.67500000e-02 -9.63500000e-02 -9.59500000e-02 -9.55500000e-02 -9.51500000e-02 -9.47500000e-02 -9.43500000e-02 -9.39500000e-02
-1.12350000e-01 -1.11950000e-01 -1.11550000e-01 -1.11150000e-01 -1.10750000e-01 -1.10350000e-01 -1.09950000e-01 -1.09550000e-01 -1.09150000e-01 -1.08750000e-01 -1.08350000e-01 -1.07950000e-01 -1.07550000e-01 -1.07150000e-01 -1.06750000e-01 -1.06350000e-01 -1.05950000e-01 -1.05550000e-01 -1.05150000e-01 -1.04750000e-01 -1.04350000e-01 -1.03950000e-01 -1.03550000e-01 -1.03150000e-01 -1.02750000e-01 -1.02350000e-01 -1.01950000e-01 -1.01550000e-01 -1.01150000e-01 -1.00750000e-01 -1.00350000e-01 -9.99500000e-02 -9.95500000e-02 -9.91500000e-02 -9.87500000e-02 -9.83500000e-02 -9.79500000e-02 -9.75500000e-02 -9.71500000e-02 -9.67500000e-02 -9.63500000e-02 -9.59500000e-02 -9.55500000e-02 -9.51500000e-02 -9.47500000e-02 -9.43500000e-02 -9.39500000e-02
-1.12350000e-01 -1.11950000e-01 -1.11550000e-01 -1.11150000e-01 -1.10750000e-01 -1.10350000e-01 -1.09950000e-01 -1.09550000e-01 -1.09150000e-01 -1.08750000e-01 -1.08350000e-01 -1.07950000e-01 -1.07550000e-01 -1.07150000e-01 -1.06750000e-01 -1.06350000e-01 -1.05950000e-01 -1.05550000e-01 -1.05150000e-01 -1.04750000e-01 -1.04350000e-01 -1.03950000e-01 -1.03550000e-01 -1.03150000e-01 -1.02750000e-01 -1.02350000e-01 -1.01950000e-01 -1.01550000e-01 -1.01150000e-01 -1.00750000e-01 -1.00350000e-01 -9.99500000e-02 -9.95500000e-02 -9.91500000e-02 -9.87500000e-02 -9.83500000e-02 -9.79500000e-02 -9.75500000e-02 -9.71500000e-02 -9.67500000e-02 -9.63500000e-02 -9.59500000e-02 -9.55500000e-02 -9.51500000e-02 -9.47500000e-02 -9.43500000e-02 -9.39500000e-02
-1.12350000e-01 -1.11950000e-01 -1.11550000e-01 -1.11150000e-01 -1.10750000e-01 -1.10350000e-01 -1.09950000e-01 -1.09550000e-01 -1.09150000e-01 -1.08750000e-01 -1.08350000e-01 -1.07950000e-01 -1.07550000e-01 -1.07150000e-01 -1.06750000e-01 -1.06350000e-01 -1.05950000e-01 -1.05550000e-01 -1.05150000e-01 -1.04750000e-01 -1.04350000e-01 -1.03950000e-01 -1.03550000e-01 -1.03150000e-01 -1.02750000e-01 -1.02350000e-01 -1.01950000e-01 -1.01550000e-01 -1.01150000e-01 -1.00750000e-01 -1.00350000e-01 -9.99500000e-02 -9.95500000e-02 -9.91500000e-02 -9.87500000e-02 -9.83500000e-02 -9.79500000e-02 -9.75500000e-02 -9.71500000e-02 -9.67500000e-02 -9.63500000e-02 -9.59500000e-02 -9.55500000e-02 -9.51500000e-02 -9.47500000e-02 -9.43500000e-02 -9.39500000e-02
-1.12350000e-01 -1.11950000e-01 -1.11550000e-01 -1.11150000e-01 -1.10750000e-01 -1.10350000e-01 -1.09950000e-01 -1.09550000e-01 -1.09150000e-01 -1.08750000e-01 -1.08350000e-01 -1.07950000e-01 -1.07550000e-01 -1.07150000e-01 -1.06750000e-01 -1.06350000e-01 -1.05950000e-01 -1.05550000e-01 -1.05150000e-01 -1.04750000e-01 -1.04350000e-01 -1.03950000e-01 -1.03550000e-01 -1.03150000e-01 -1.02750000e-01 -1.02350000e-01 -1.01950000e-01 -1.01550000e-01 -1.01150000e-01 -1.00750000e-01 -1.00350000e-01 -9.99500000e-02 -9.95500000e-02 -9.91500000e-02 -9.87500000e-02 -9.83500000e-02 -9.79500000e-02 -9.75500000e-02 -9.71500000e-02 -9.67500000e-02 -9.63500000e-02 -9.59500000e-02 -9.55500000e-02 -9.51500000e-02 -9.47500000e-02 -9.43500000e-02 -9.39500000e-02
-1.12350000e-01 -1.11950000e-01 -1.11550000e-01 -1.11150000e-01 -1.10750000e-01 -1.10350000e-01 -1.09950000e-01 -1.09550000e-01 -1.09150000e-01 -1.08750000e-01 -1.08350000e-01 -1.07950000e-01 -1.07550000e-01 -1.07150000e-01 -1.06750000e-01 -1.06350000e-01 -1.05950000e-01 -1.05550000e-01 -1.05150000e-01 -1.04750000e-01 -1.04350000e-01 -1.03950000e-01 -1.03550000e-01 -1.03150000e-01 -1.02750000e-01 -1.02350000e-01 -1.01950000e-01 -1.01550000e-01 -1.01150000e-01 -1.00750000e-01 -1.00350000e-01 -9.99500000e-02 -9.95500000e-02 -9.91500000e-02 -9.87500000e-02 -9.83500000e-02 -9.79500000e-02 -9.75500000e-02 -9.71500000e-02 -9.67500000e-02 -9.63500000e-02 -9.59500000e-02 -9.55500000e-02 -9.51500000e-02 -9.47500000e-02 -9.43500000e-02 -9.39500000e-02
-1.12350000e-01 -1.11950000e-01 -1.11550000e-01 -1.11150000e-01 -1.10750000e-01 -1.10350000e-01 -1.09950000e-01 -1.09550000e-01 -1.09150000e-01 -1.08750000e-01 -1.08350000e-01 -1.07950000e-01 -1.07550000e-01 -1.07150000e-01 -1.06750000e-01 -1.06350000e-01 -1.05950000e-01 -1.05550000e-01 -1.05150000e-01 -1.04750000e-01 -1.04350000e-01 -1.03950000e-01 -1.03550000e-01 -1.03150000e-01 -1.02750000e-01 -1.02350000e-01 -1.01950000e-01 -1.01550000e-01 -1.01150000e-01 -1.00750000e-01 -1.00350000e-01 -9.99500000e-02 -9.95500000e-02 -9.91500000e-02 -9.87500000e-02 -9.83500000e-02 -9.79500000e-02 -9.75500000e-02 -9.71500000e-02 -9.67500000e-02 -9.63500000e-02 -9.59500000e-02 -9.55500000e-02 -9.51500000e-02 -9.47500000e-02 -9.43500000e-02 -9.39500000e-02
-1.12350000e-01 -1.11950000e-01 -1.11550000e-01 -1.11150000e-01 -1.10750000e-01 -1.10350000e-01 -1.09950000e-01 -1.09550000e-01 -1.09150000e-01 -1.08750000e-01 -1.08350000e-01 -1.07950000e-01 -1.07550000e-01 -1.07150000e-01 -1.06750000e-01 -1.06350000e-01 -1.05950000e-01 -1.05550000e-01 -1.05150000e-01 -1.04750000e-01 -1.04350000e-01 -1.03950000e-01 -1.03550000e-01 -1.03150000e-01 -1.02750000e-01 -1.02350000e-01 -1.01950000e-01 -1.01550000e-01 -1.01150000e-01 -1.00750000e-01 -1.00350000e-01 -9.99500000e-02 -9.95500000e-02 -9.91500000e-02 -9.87500000e-02 -9.83500000e-02 -9.79500000e-02 -9.75500000e-02 -9.71500000e-02 -9.67500000e-02 -9.63500000e-02 -9.59500000e-02 -9.55500000e-02 -9.51500000e-02 -9.47500000e-02 -9.43500000e-02 -9.39500000e-02
-1.12350000e-01 -1.11950000e-01 -1.11550000e-01 -1.11150000e-01 -1.10750000e-01 -1.10350000e-01 -1.09950000e-01 -1.09550000e-01 -1.09150000e-01 -1.08750000e-01 -1.08350000e-01 -1.07950000e-01 -1.07550000e-01 -1.07150000e-01 -1.06750000e-01 -1.06350000e-01 -1.05950000e-01 -1.05550000e-01 -1.05150000e-01 -1.04750000e-01 -1.04350000e-01 -1.03950000e-01 -1.03550000e-01 -1.03150000e-01 -1.02750000e-01 -1.02350000e-01 -1.01950000e-01 -1.01550000e-01 -1.01150000e-01 -1.00750000e-01 -1.00350000e-01 -9.99500000e-02 -9.95500000e-02 -9.91500000e-02 -9.87500000e-02 -9.83500000e-02 -9.79500000e-02 -9.75500000e-02 -9.71500000e-02 -9.67500000e-02 -9.63500000e-02 -9.59500000e-02 -9.55500000e-02 -9.51500000e-02 -9.47500000e-02 -9.43500000e-02 -9.39500000e-02
-1.12350000e-01 -1.11950000e-01 -1.11550000e-01 -1.11150000e-01 -1.10750000e-01 -1.10350000e-01 -1.09950000e-01 -1.09550000e-01 -1.09150000e-01 -1.08750000e-01 -1.08350000e-01 -1.07950000e-01 -1.07550000e-01 -1.07150000e-01 -1.06750000e-01 -1.06350000e-01 -1.05950000e-01 -1.05550000e-01 -1.05150000e-01 -1.04750000e-01 -1.04350000e-01 -1.03950000e-01 -1.03550000e-01 -1.03150000e-01 -1.02750000e-01 -1.02350000e-01 -1.01950000e-01 -1.01550000e-01 -1.01150000e-01 -1.00750000e-01 -1.00350000e-01 -9.99500000e-02 -9.95500000e-02 -9.91500000e-02 -9.87500000e-02 -9.83500000e-02 -9.79500000e-02 -9.75500000e-02 -9.71500000e-02 -9.67500000e-02 -9.63500000e-02 -9.59500000e-02 -9.55500000e-02 -9.51500000e-02 -9.47500000e-02 -9.43500000e-02 -9.39500000e-02
-1.12350000e-01 -1.11950000e-01 -1.11550000e-01 -1.11150000e-01 -1.10750000e-01 -1.10350000e-01 -1.09950000e-01 -1.09550000e-01 -1.09150000e-01 -1.08750000e-01 -1.08350000e-01 -1.07950000e-01 -1.07550000e-01 -1.07150000e-01 -1.06750000e-01 -1.06350000e-01 -1.05950000e-01 -1.05550000e-01 -1.05150000e-01 -1.04750000e-01 -1.04350000e-01 -1.03950000e-01 -1.03550000e-01 -1.03150000e-01 -1.02750000e-01 -1.02350000e-01 -1.01950000e-01 -1.01550000e-01 -1.01150000e-01 -1.00750000e-01 -1.00350000e-01 -9.99500000e-02 -9.95500000e-02 -9.91500000e-02 -9.87500000e-02 -9.83500000e-02 -9.79500000e-02 -9.75500000e-02 -9.71500000e-02 -9.67500000e-02 -9.63500000e-02 -9.59500000e-02 -9.55500000e-02 -9.51500000e-02 -9.47500000e-02 -9.43500000e-02 -9.39500000e-02
-1.12350000e-01 -1.11950000e-01 -1.11550000e-01 -1.11150000e-01 -1.10750000e-01 -1.10350000e-01 -1.09950000e-01 -1.09550000e-01 -1.09150000e-01 -1.08750000e-01 -1.08350000e-01 -1.07950000e-01 -1.07550000e-01 -1.07150000e-01 -1.06750000e-01 -1.06350000e-01 -1.05950000e-01 -1.05550000e-01 -1.05150000e-01 -1.04750000e-01 -1.04350000e-01 -1.03950000e-01 -1.03550000e-01 -1.03150000e-01 -1.02750000e-01 -1.02350000e-01 -1.01950000e-01 -1.01550000e-01 -1.01150000e-01 -1.00750000e-01 -1.00350000e-01 -9.99500000e-02 -9.95500000e-02 -9.91500000e-02 -9.87500000e-02 -9.83500000e-02 -9.79500000e-02 -9.75500000e-02 -9.71500000e-02 -9.67500000e-02 -9.63500000e-02 -9.59500000e-02 -9.55500000e-02 -9.51500000e-02 -9.47500000e-02 -9.43500000e-02 -9.39500000e-02
