validation_tests/experimental_data/okushiri/Benchmark_2_Bathymetry.asc
ncols         393
nrows         244
xllcorner     0.0
yllcorner     0.0
cellsize      0.014
NODATA_value  -9999
[rows 105 to 125 of 244, columns 0 to 46 of 393]
-1.35350000e-01 -1.34650000e-01 -1.33950000e-01 -1.33250000e-01 -1.32550000e-01 -1.31850000e-01 -1.31150000e-01 -1.30450000e-01 -1.29750000e-01 -1.29050000e-01 -1.28350000e-01 -1.27650000e-01 -1.26950000e-01 -1.26250000e-01 -1.25550000e-01 -1.25150000e-01 -1.24750000e-01 -1.24350000e-01 -1.23950000e-01 -1.23550000e-01 -1.23150000e-01 -1.22750000e-01 -1.22350000e-01 -1.21950000e-01 -1.21550000e-01 -1.21150000e-01 -1.20750000e-01 -1.20350000e-01 -1.19950000e-01 -1.19550000e-01 -1.19150000e-01 -1.18750000e-01 -1.18350000e-01 -1.17950000e-01 -1.17550000e-01 -1.17150000e-01 -1.16750000e-01 -1.16350000e-01 -1.15950000e-01 -1.15550000e-01 -1.15150000e-01 -1.14750000e-01 -1.14350000e-01 -1.13950000e-01 -1.13550000e-01 -1.13150000e-01 -1.12750000e-01
-1.35350000e-01 -1.34650000e-01 -1.33950000e-01 -1.33250000e-01 -1.32550000e-01 -1.31850000e-01 -1.31150000e-01 -1.30450000e-01 -1.29750000e-01 -1.29050000e-01 -1.28350000e-01 -1.27650000e-01 -1.26950000e-01 -1.26250000e-01 -1.25550000e-01 -1.25150000e-01 -1.24750000e-01 -1.24350000e-01 -1.23950000e-01 -1.23550000e-01 -1.23150000e-01 -1.22750000e-01 -1.22350000e-01 -1.21950000e-01 -1.21550000e-01 -1.21150000e-01 -1.20750000e-01 -1.20350000e-01 -1.19950000e-01 -1.19550000e-01 -1.19150000e-01 -1.18750000e-01 -1.18350000e-01 -1.17950000e-01 -1.17550000e-01 -1.17150000e-01 -1.16750000e-01 -1.16350000e-01 -1.15950000e-01 -1.15550000e-01 -1.15150000e-01 -1.14750000e-01 -1.14350000e-01 -1.13950000e-01 -1.13550000e-01 -1.13150000e-01 -1.12750000e-01
-1.35350000e-01 -1.34650000e-01 -1.33950000e-01 -1.33250000e-01 -1.32550000e-01 -1.31850000e-01 -1.31150000e-01 -1.30450000e-01 -1.29750000e-01 -1.29050000e-01 -1.28350000e-01 -1.27650000e-01 -1.26950000e-01 -1.26250000e-01 -1.25550000e-01 -1.25150000e-01 -1.24750000e-01 -1.24350000e-01 -1.23950000e-01 -1.23550000e-01 -1.23150000e-01 -1.22750000e-01 -1.22350000e-01 -1.21950000e-01 -1.21550000e-01 -1.21150000e-01 -1.20750000e-01 -1.20350000e-01 -1.19950000e-01 -1.19550000e-01 -1.19150000e-01 -1.18750000e-01 -1.18350000e-01 -1.17950000e-01 -1.17550000e-01 -1.17150000e-01 -1.16750000e-01 -1.16350000e-01 -1.15950000e-01 -1.15550000e-01 -1.15150000e-01 -1.14750000e-01 -1.14350000e-01 -1.13950000e-01 -1.13550000e-01 -1.13150000e-01 -1.12750000e-01
-1.35350000e-01 -1.34650000e-01 -1.33950000e-01 -1.33250000e-01 -1.32550000e-01 -1.31850000e-01 -1.31150000e-01 -1.30450000e-01 -1.29750000e-01 -1.29050000e-01 -1.28350000e-01 -1.27650000e-01 -1.26950000e-01 -1.26250000e-01 -1.25550000e-01 -1.25150000e-01 -1.24750000e-01 -1.24350000e-01 -1.23950000e-01 -1.23550000e-01 -1.23150000e-01 -1.22750000e-01 -1.22350000e-01 -1.21950000e-01 -1.21550000e-01 -1.21150000e-01 -1.20750000e-01 -1.20350000e-01 -1.19950000e-01 -1.19550000e-01 -1.19150000e-01 -1.18750000e-01 -1.18350000e-01 -1.17950000e-01 -1.17550000e-01 -1.17150000e-01 -1.16750000e-01 -1.16350000e-01 -1.15950000e-01 -1.15550000e-01 -1.15150000e-01 -1.14750000e-01 -1.14350000e-01 -1.13950000e-01 -1.13550000e-01 -1.13150000e-01 -1.12750000e-01
-1.35350000e-01 -1.34650000e-01 -1.33950000e-01 -1.33250000e-01 -1.32550000e-01 -1.31850000e-01 -1.31150000e-01 -1.30450000e-01 -1.29750000e-01 -1.29050000e-01 -1.28350000e-01 -1.27650000e-01 -1.26950000e-01 -1.26250000e-01 -1.25550000e-01 -1.25150000e-01 -1.24750000e-01 -1.24350000e-01 -1.23950000e-01 -1.23550000e-01 -1.23150000e-01 -1.22750000e-01 -1.22350000e-01 -1.21950000e-01 -1.21550000e-01 -1.21150000e-01 -1.20750000e-01 -1.20350000e-01 -1.19950000e-01 -1.19550000e-01 -1.19150000e-01 -1.18750000e-01 -1.18350000e-01 -1.17950000e-01 -1.17550000e-01 -1.17150000e-01 -1.16750000e-01 -1.16350000e-01 -1.15950000e-01 -1.15550000e-01 -1.15150000e-01 -1.14750000e-01 -1.14350000e-01 -1.13950000e-01 -1.13550000e-01 -1.13150000e-01 -1.12750000e-01
-1.35350000e-01 -1.34650000e-01 -1.33950000e-01 -1.33250000e-01 -1.32550000e-01 -1.31850000e-01 -1.31150000e-01 -1.30450000e-01 -1.29750000e-01 -1.29050000e-01 -1.28350000e-01 -1.27650000e-01 -1.26950000e-01 -1.26250000e-01 -1.25550000e-01 -1.25150000e-01 -1.24750000e-01 -1.24350000e-01 -1.23950000e-01 -1.23550000e-01 -1.23150000e-01 -1.22750000e-01 -1.22350000e-01 -1.21950000e-01 -1.21550000e-01 -1.21150000e-01 -1.20750000e-01 -1.20350000e-01 -1.19950000e-01 -1.19550000e-01 -1.19150000e-01 -1.18750000e-01 -1.18350000e-01 -1.17950000e-01 -1.17550000e-01 -1.17150000e-01 -1.16750000e-01 -1.16350000e-01 -1.15950000e-01 -1.15550000e-01 -1.15150000e-01 -1.14750000e-01 -1.14350000e-01 -1.13950000e-01 -1.13550000e-01 -1.13150000e-01 -1.12750000e-01
-1.35350000e-01 -1.34650000e-01 -1.33950000e-01 -1.33250000e-01 -1.32550000e-01 -1.31850000e-01 -1.31150000e-01 -1.30450000e-01 -1.29750000e-01 -1.29050000e-01 -1.28350000e-01 -1.27650000e-01 -1.26950000e-01 -1.26250000e-01 -1.25550000e-01 -1.25150000e-01 -1.24750000e-01 -1.24350000e-01 -1.23950000e-01 -1.23550000e-01 -1.23150000e-01 -1.22750000e-01 -1.22350000e-01 -1.21950000e-01 -1.21550000e-01 -1.21150000e-01 -1.20750000e-01 -1.20350000e-01 -1.19950000e-01 -1.19550000e-01 -1.19150000e-01 -1.18750000e-01 -1.18350000e-01 -1.17950000e-01 -1.17550000e-01 -1.17150000e-01 -1.16750000e-01 -1.16350000e-01 -1.15950000e-01 -1.15550000e-01 -1.15150000e-01 -1.14750000e-01 -1.14350000e-01 -1.13950000e-01 -1.13550000e-01 -1.13150000e-01 -1.12750000e-01
-1.35350000e-01 -1.34650000e-01 -1.33950000e-01 -1.33250000e-01 -1.32550000e-01 -1.31850000e-01 -1.31150000e-01 -1.30450000e-01 -1.29750000e-01 -1.29050000e-01 -1.28350000e-01 -1.27650000e-01 -1.26950000e-01 -1.26250000e-01 -1.25550000e-01 -1.25150000e-01 -1.24750000e-01 -1.24350000e-01 -1.23950000e-01 -1.23550000e-01 -1.23150000e-01 -1.22750000e-01 -1.22350000e-01 -1.21950000e-01 -1.21550000e-01 -1.21150000e-01 -1.20750000e-01 -1.20350000e-01 -1.19950000e-01 -1.19550000e-01 -1.19150000e-01 -1.18750000e-01 -1.18350000e-01 -1.17950000e-01 -1.17550000e-01 -1.17150000e-01 -1.16750000e-01 -1.16350000e-01 -1.15950000e-01 -1.15550000e-01 -1.15150000e-01 -1.14750000e-01 -1.14350000e-01 -1.13950000e-01 -1.13550000e-01 -1.13150000e-01 -1.12750000e-01
-1.35350000e-01 -1.34650000e-01 -1.33950000e-01 -1.33250000e-01 -1.32550000e-01 -1.31850000e-01 -1.31150000e-01 -1.30450000e-01 -1.29750000e-01 -1.29050000e-01 -1.28350000e-01 -1.27650000e-01 -1.26950000e-01 -1.26250000e-01 -1.25550000e-01 -1.25150000e-01 -1.24750000e-01 -1.24350000e-01 -1.23950000e-01 -1.23550000e-01 -1.23150000e-01 -1.22750000e-01 -1.22350000e-01 -1.21950000e-01 -1.21550000e-01 -1.21150000e-01 -1.20750000e-01 -1.20350000e-01 -1.19950000e-01 -1.19550000e-01 -1.19150000e-01 -1.18750000e-01 -1.18350000e-01 -1.17950000e-01 -1.17550000e-01 -1.17150000e-01 -1.16750000e-01 -1.16350000e-01 -1.15950000e-01 -1.15550000e-01 -1.15150000e-01 -1.14750000e-01 -1.14350000e-01 -1.13950000e-01 -1.13550000e-01 -1.13150000e-01 -1.12750000e-01
-1.35350000e-01 -1.34650000e-01 -1.33950000e-01 -1.33250000e-01 -1.32550000e-01 -1.31850000e-01 -1.31150000e-01 -1.30450000e-01 -1.29750000e-01 -1.29050000e-01 -1.28350000e-01 -1.27650000e-01 -1.26950000e-01 -1.26250000e-01 -1.25550000e-01 -1.25150000e-01 -1.24750000e-01 -1.24350000e-01 -1.23950000e-01 -1.23550000e-01 -1.23150000e-01 -1.22750000e-01 -1.22350000e-01 -1.21950000e-01 -1.21550000e-01 -1.21150000e-01 -1.20750000e-01 -1.20350000e-01 -1.19950000e-01 -1.19550000e-01 -1.19150000e-01 -1.18750000e-01 -1.18350000e-01 -1.17950000e-01 -1.17550000e-01 -1.17150000e-01 -1.16750000e-01 -1.16350000e-01 -1.15950000e-01 -1.15550000e-01 -1.15150000e-01 -1.14750000e-01 -1.14350000e-01 -1.13950000e-01 -1.13550000e-01 -1.13150000e-01 -1.12750000e-01
-1.35350000e-01 -1.34650000e-01 -1.33950000e-01 -1.33250000e-01 -1.32550000e-01 -1.31850000e-01 -1.31150000e-01 -1.30450000e-01 -1.29750000e-01 -1.29050000e-01 -1.28350000e-01 -1.27650000e-01 -1.26950000e-01 -1.26250000e-01 -1.25550000e-01 -1.25150000e-01 -1.24750000e-01 -1.24350000e-01 -1.23950000e-01 -1.23550000e-01 -1.23150000e-01 -1.22750000e-01 -1.22350000e-01 -1.21950000e-01 -1.21550000e-01 -1.21150000e-01 -1.20750000e-01 -1.20350000e-01 -1.19950000e-01 -1.19550000e-01 -1.19150000e-01 -1.18750000e-01 -1.18350000e-01 -1.17950000e-01 -1.17550000e-01 -1.17150000e-01 -1.16750000e-01 -1.16350000e-01 -1.15950000e-01 -1.15550000e-01 -1.15150000e-01 -1.14750000e-01 -1.14350000e-01 -1.13950000e-01 -1.13550000e-01 -1.13150000e-01 -1.12750000e-01
-1.35350000e-01 -1.34650000e-01 -1.33950000e-01 -1.33250000e-01 -1.32550000e-01 -1.31850000e-01 -1.31150000e-01 -1.30450000e-01 -1.29750000e-01 -1.29050000e-01 -1.28350000e-01 -1.27650000e-01 -1.26950000e-01 -1.26250000e-01 -1.25550000e-01 -1.25150000e-01 -1.24750000e-01 -1.24350000e-01 -1.23950000e-01 -1.23550000e-01 -1.23150000e-01 -1.22750000e-01 -1.22350000e-01 -1.21950000e-01 -1.21550000e-01 -1.21150000e-01 -1.20750000e-01 -1.20350000e-01 -1.19950000e-01 -1.19550000e-01 -1.19150000e-01 -1.18750000e-01 -1.18350000e-01 -1.17950000e-01 -1.17550000e-01 -1.17150000e-01 -1.16750000e-01 -1.16350000e-01 -1.15950000e-01 -1.15550000e-01 -1.15150000e-01 -1.14750000e-01 -1.14350000e-01 -1.13950000e-01 -1.13550000e-01 -1.13150000e-01 -1.12750000e-01
-1.35350000e-01 -1.34650000e-01 -1.33950000e-01 -1.33250000e-01 -1.32550000e-01 -1.31850000e-01 -1.31150000e-01 -1.30450000e-01 -1.29750000e-01 -1.29050000e-01 -1.28350000e-01 -1.27650000e-01 -1.26950000e-01 -1.26250000e-01 -1.25550000e-01 -1.25150000e-01 -1.24750000e-01 -1.24350000e-01 -1.23950000e-01 -1.23550000e-01 -1.23150000e-01 -1.22750000e-01 -1.22350000e-01 -1.21950000e-01 -1.21550000e-01 -1.21150000e-01 -1.20750000e-01 -1.20350000e-01 -1.19950000e-01 -1.19550000e-01 -1.19150000e-01 -1.18750000e-01 -1.18350000e-01 -1.17950000e-01 -1.17550000e-01 -1.17150000e-01 -1.16750000e-01 -1.16350000e-01 -1.15950000e-01 -1.15550000e-01 -1.15150000e-01 -1.14750000e-01 -1.14350000e-01 -1.13950000e-01 -1.13550000e-01 -1.13150000e-01 -1.12750000e-01
-1.35350000e-01 -1.34650000e-01 -1.33950000e-01 -1.33250000e-01 -1.32550000e-01 -1.31850000e-01 -1.31150000e-01 -1.30450000e-01 -1.29750000e-01 -1.29050000e-01 -1.28350000e-01 -1.27650000e-01 -1.26950000e-01 -1.26250000e-01 -1.25550000e-01 -1.25150000e-01 -1.24750000e-01 -1.24350000e-01 -1.23950000e-01 -1.23550000e-01 -1.23150000e-01 -1.22750000e-01 -1.22350000e-01 -1.21950000e-01 -1.21550000e-01 -1.21150000e-01 -1.20750000e-01 -1.20350000e-01 -1.19950000e-01 -1.19550000e-01 -1.19150000e-01 -1.18750000e-01 -1.18350000e-01 -1.17950000e-01 -1.17550000e-01 -1.17150000e-01 -1.16750000e-01 -1.16350000e-01 -1.15950000e-01 -1.15550000e-01 -1.15150000e-01 -1.14750000e-01 -1.14350000e-01 -1.13950000e-01 -1.13550000e-01 -1.13150000e-01 -1.12750000e-01
-1.35350000e-01 -1.34650000e-01 -1.33950000e-01 -1.33250000e-01 -1.32550000e-01 -1.31850000e-01 -1.31150000e-01 -1.30450000e-01 -1.29750000e-01 -1.29050000e-01 -1.28350000e-01 -1.27650000e-01 -1.26950000e-01 -1.26250000e-01 -1.25550000e-01 -1.25150000e-01 -1.24750000e-01 -1.24350000e-01 -1.23950000e-01 -1.23550000e-01 -1.23150000e-01 -1.22750000e-01 -1.22350000e-01 -1.21950000e-01 -1.21550000e-01 -1.21150000e-01 -1.20750000e-01 -1.20350000e-01 -1.19950000e-01 -1.19550000e-01 -1.19150000e-01 -1.18750000e-01 -1.18350000e-01 -1.17950000e-01 -1.17550000e-01 -1.17150000e-01 -1.16750000e-01 -1.16350000e-01 -1.15950000e-01 -1.15550000e-01 -1.15150000e-01 -1.14750000e-01 -1.14350000e-01 -1.13950000e-01 -1.13550000e-01 -1.13150000e-01 -1.12750000e-01
-1.35350000e-01 -1.34650000e-01 -1.33950000e-01 -1.33250000e-01 -1.32550000e-01 -1.31850000e-01 -1.31150000e-01 -1.30450000e-01 -1.29750000e-01 -1.29050000e-01 -1.28350000e-01 -1.27650000e-01 -1.26950000e-01 -1.26250000e-01 -1.25550000e-01 -1.25150000e-01 -1.24750000e-01 -1.24350000e-01 -1.23950000e-01 -1.23550000e-01 -1.23150000e-01 -1.22750000e-01 -1.22350000e-01 -1.21950000e-01 -1.21550000e-01 -1.21150000e-01 -1.20750000e-01 -1.20350000e-01 -1.19950000e-01 -1.19550000e-01 -1.19150000e-01 -1.18750000e-01 -1.18350000e-01 -1.17950000e-01 -1.17550000e-01 -1.17150000e-01 -1.16750000e-01 -1.16350000e-01 -1.15950000e-01 -1.15550000e-01 -1.15150000e-01 -1.14750000e-01 -1.14350000e-01 -1.13950000e-01 -1.13550000e-01 -1.13150000e-01 -1.12750000e-01
-1.35350000e-01 -1.34650000e-01 -1.33950000e-01 -1.33250000e-01 -1.32550000e-01 -1.31850000e-01 -1.31150000e-01 -1.30450000e-01 -1.29750000e-01 -1.29050000e-01 -1.28350000e-01 -1.27650000e-01 -1.26950000e-01 -1.26250000e-01 -1.25550000e-01 -1.25150000e-01 -1.24750000e-01 -1.24350000e-01 -1.23950000e-01 -1.23550000e-01 -1.23150000e-01 -1.22750000e-01 -1.22350000e-01 -1.21950000e-01 -1.21550000e-01 -1.21150000e-01 -1.20750000e-01 -1.20350000e-01 -1.19950000e-01 -1.19550000e-01 -1.19150000e-01 -1.18750000e-01 -1.18350000e-01 -1.17950000e-01 -1.17550000e-01 -1.17150000e-01 -1.16750000e-01 -1.16350000e-01 -1.15950000e-01 -1.15550000e-01 -1.15150000e-01 -1.14750000e-01 -1.14350000e-01 -1.13950000e-01 -1.13550000e-01 -1.13150000e-01 -1.12750000e-01
-1.35350000e-01 -1.34650000e-01 -1.33950000e-01 -1.33250000e-01 -1.32550000e-01 -1.31850000e-01 -1.31150000e-01 -1.30450000e-01 -1.29750000e-01 -1.29050000e-01 -1.28350000e-01 -1.27650000e-01 -1.26950000e-01 -1.26250000e-01 -1.25550000e-01 -1.25150000e-01 -1.24750000e-01 -1.24350000e-01 -1.23950000e-01 -1.23550000e-01 -1.23150000e-01 -1.22750000e-01 -1.22350000e-01 -1.21950000e-01 -1.21550000e-01 -1.21150000e-01 -1.20750000e-01 -1.20350000e-01 -1.19950000e-01 -1.19550000e-01 -1.19150000e-01 -1.18750000e-01 -1.18350000e-01 -1.17950000e-01 -1.17550000e-01 -1.17150000e-01 -1.16750000e-01 -1.16350000e-01 -1.15950000e-01 -1.15550000e-01 -1.15150000e-01 -1.14750000e-01 -1.14350000e-01 -1.13950000e-01 -1.13550000e-01 -1.13150000e-01 -1.12750000e-01
-1.35350000e-01 -1.34650000e-01 -1.33950000e-01 -1.33250000e-01 -1.32550000e-01 -1.31850000e-01 -1.31150000e-01 -1.30450000e-01 -1.29750000e-01 -1.29050000e-01 -1.28350000e-01 -1.27650000e-01 -1.26950000e-01 -1.26250000e-01 -1.25550000e-01 -1.25150000e-01 -1.24750000e-01 -1.24350000e-01 -1.23950000e-01 -1.23550000e-01 -1.23150000e-01 -1.22750000e-01 -1.22350000e-01 -1.21950000e-01 -1.21550000e-01 -1.21150000e-01 -1.20750000e-01 -1.20350000e-01 -1.19950000e-01 -1.19550000e-01 -1.19150000e-01 -1.18750000e-01 -1.18350000e-01 -1.17950000e-01 -1.17550000e-01 -1.17150000e-01 -1.16750000e-01 -1.16350000e-01 -1.15950000e-01 -1.15550000e-01 -1.15150000e-01 -1.14750000e-01 -1.14350000e-01 -1.13950000e-01 -1.13550000e-01 -1.13150000e-01 -1.12750000e-01
-1.35350000e-01 -1.34650000e-01 -1.33950000e-01 -1.33250000e-01 -1.32550000e-01 -1.31850000e-01 -1.31150000e-01 -1.30450000e-01 -1.29750000e-01 -1.29050000e-01 -1.28350000e-01 -1.27650000e-01 -1.26950000e-01 -1.26250000e-01 -1.25550000e-01 -1.25150000e-01 -1.24750000e-01 -1.24350000e-01 -1.23950000e-01 -1.23550000e-01 -1.23150000e-01 -1.22750000e-01 -1.22350000e-01 -1.21950000e-01 -1.21550000e-01 -1.21150000e-01 -1.20750000e-01 -1.20350000e-01 -1.19950000e-01 -1.19550000e-01 -1.19150000e-01 -1.18750000e-01 -1.18350000e-01 -1.17950000e-01 -1.17550000e-01 -1.17150000e-01 -1.16750000e-01 -1.16350000e-01 -1.15950000e-01 -1.15550000e-01 -1.15150000e-01 -1.14750000e-01 -1.14350000e-01 -1.13950000e-01 -1.13550000e-01 -1.13150000e-01 -1.12750000e-01
-1.35350000e-01 -1.34650000e-01 -1.33950000e-01 -1.33250000e-01 -1.32550000e-01 -1.31850000e-01 -1.31150000e-01 -1.30450000e-01 -1.29750000e-01 -1.29050000e-01 -1.28350000e-01 -1.27650000e-01 -1.26950000e-01 -1.26250000e-01 -1.25550000e-01 -1.25150000e-01 -1.24750000e-01 -1.24350000e-01 -1.23950000e-01 -1.23550000e-01 -1.23150000e-01 -1.22750000e-01 -1.22350000e-01 -1.21950000e-01 -1.21550000e-01 -1.21150000e-01 -1.20750000e-01 -1.20350000e-01 -1.19950000e-01 -1.19550000e-01 -1.19150000e-01 -1.18750000e-01 -1.18350000e-01 -1.17950000e-01 -1.17550000e-01 -1.17150000e-01 -1.16750000e-01 -1.16350000e-01 -1.15950000e-01 -1.15550000e-01 -1.15150000e-01 -1.14750000e-01 -1.14350000e-01 -1.13950000e-01 -1.13550000e-01 -1.13150000e-01 -1.12750000e-01
